elapsed_time,nproc,cpu,mem_real,mem_virtual
3.886222839355469e-05,1,0.0,7.8203125,3185.3671875
1.0071685314178467,1,44.7,89.61328125,770.0546875
2.0149803161621094,1,99.2,351.6015625,1894.0546875
3.022641658782959,1,99.2,585.59765625,3174.0546875
4.030231952667236,1,101.2,857.59765625,3174.0546875
5.038130760192871,1,99.2,930.76953125,2662.0234375
6.045933961868286,1,104.2,1244.390625,6709.50390625
7.053036212921143,1,3488.6,1818.46484375,7408.51171875
8.063865423202515,1,574.8,1868.39453125,7475.51171875
9.073482036590576,1,104.0,1899.625,7579.51171875
10.084234952926636,1,101.9,1891.11328125,7579.51171875
11.095048189163208,1,100.9,1816.57421875,7579.51171875
12.105866193771362,1,100.9,1802.6484375,7579.51171875
13.1173095703125,1,100.8,1758.578125,7579.51171875
14.128201246261597,1,101.9,1706.64453125,7579.51171875
15.137566328048706,1,101.0,1635.80859375,7579.51171875
16.14825463294983,1,626.3,1063.9765625,7723.51171875
17.158351182937622,1,344.5,1344.83203125,9437.68359375
18.16865634918213,1,101.0,1272.58203125,9437.68359375
19.178990125656128,1,100.0,3103.515625,20983.65234375
20.19041872024536,1,99.9,6661.86328125,20983.65234375
21.200286865234375,1,494.2,7991.3046875,21063.65234375
22.209584951400757,1,2081.5,7962.3828125,21063.65234375
23.22484827041626,1,100.5,7959.70703125,21063.65234375
24.24009919166565,1,100.5,8004.73046875,21063.65234375
25.25072956085205,1,1680.9,7735.67578125,21063.65234375
26.259408712387085,1,636.5,7448.63671875,21063.65234375
27.301416397094727,1,1071.0,7246.99609375,21063.65234375
28.356043815612793,1,2438.8,7270.0625,21063.65234375
29.364524602890015,1,100.2,7312.0625,21063.65234375
30.372706174850464,1,100.2,7348.36328125,21063.65234375
31.380409240722656,1,1846.8,6840.34375,21063.65234375
32.409133195877075,1,1397.8,6895.65625,21063.65234375
33.417078495025635,1,99.2,6937.65625,21063.65234375
34.425142765045166,1,100.2,6977.90625,21063.65234375
35.43375873565674,1,100.1,7014.55078125,21063.65234375
36.44240665435791,1,1392.1,6131.8671875,21063.65234375
37.48353886604309,1,2031.3,6203.796875,21063.65234375
38.49166536331177,1,100.2,6242.74609375,21063.65234375
39.498417377471924,1,100.3,6277.08203125,21063.65234375
40.50720191001892,1,765.3,5599.12109375,21063.65234375
41.51641130447388,1,3044.1,5433.16015625,21063.65234375
42.57240700721741,1,4629.0,5377.1640625,21063.65234375
43.62212896347046,1,3013.3,5838.62890625,21187.15234375
44.63051104545593,1,100.2,5860.484375,21187.15234375
45.638185262680054,1,100.2,5879.05078125,21187.15234375
46.64771056175232,1,100.0,5899.51953125,21187.15234375
47.655537366867065,1,101.2,5919.92578125,21187.15234375
48.66359806060791,1,99.2,5947.92578125,21187.15234375
49.67118287086487,1,100.2,5967.73828125,21187.15234375
50.680145025253296,1,102.1,5952.27734375,21187.15234375
51.68957710266113,1,99.1,5980.27734375,21187.15234375
52.69783020019531,1,101.2,5989.16796875,21187.15234375
53.70736646652222,1,100.0,6015.16796875,21187.15234375
54.71905207633972,1,100.8,6011.96875,21187.15234375
55.729748487472534,1,100.9,6037.96875,21187.15234375
56.7401225566864,1,100.9,6007.1796875,21187.15234375
57.749253034591675,1,99.1,6033.1796875,21187.15234375
58.76049304008484,1,101.9,5974.6875,21187.15234375
59.7710919380188,1,100.9,5971.69140625,21187.15234375
60.781409740448,1,101.0,5971.265625,21187.15234375
61.790945053100586,1,100.0,5960.40625,21187.15234375
62.8028290271759,1,1596.2,5978.38671875,21187.15234375
63.813409090042114,1,4470.5,7042.15234375,21660.65234375
64.84272837638855,1,4662.3,10717.07421875,23591.65234375
65.86346554756165,1,4238.9,10272.82421875,23677.65234375
66.88710236549377,1,4449.0,10536.84375,23677.65234375
67.89846348762512,1,3828.6,10709.0703125,23843.65234375
68.94358325004578,1,4641.7,10682.4609375,23843.65234375
69.97293829917908,1,2655.0,11003.3671875,23843.65234375
70.98009729385376,1,2346.7,3040.86328125,24467.66015625
71.98868441581726,1,101.1,5781.6953125,23975.65234375
72.99777865409851,1,298.3,8489.04296875,23975.65234375
74.00544214248657,1,1415.9,8399.82421875,23975.65234375
75.01441264152527,1,405.4,7995.2265625,23975.65234375
76.04147267341614,1,952.2,7987.21484375,23975.65234375
77.04922938346863,1,628.1,7692.25,23975.65234375
78.05811738967896,1,2711.9,7444.08203125,23975.65234375
79.06676697731018,1,100.1,7467.59375,23975.65234375
80.07624554634094,1,101.0,7487.85546875,23975.65234375
81.08322286605835,1,100.3,7489.78125,23975.65234375
82.0914876461029,1,3039.3,7004.9296875,23975.65234375
83.09841012954712,1,100.3,7034.265625,23975.65234375
84.10469388961792,1,100.4,7072.57421875,23975.65234375
85.11094903945923,1,99.4,7103.921875,23975.65234375
86.1204104423523,1,656.8,6386.859375,23975.65234375
87.14552712440491,1,2714.6,6291.03125,23975.65234375
88.15329837799072,1,100.2,6331.03125,23975.65234375
89.16170191764832,1,100.2,6368.1015625,23975.65234375
90.17010164260864,1,100.1,6403.3671875,23975.65234375
91.17941069602966,1,1398.2,5558.32421875,23975.65234375
92.23040914535522,1,4661.2,5536.89453125,23975.65234375
93.2974066734314,1,4690.1,5482.890625,23975.65234375
94.34790468215942,1,846.2,5918.6953125,23975.65234375
95.35611939430237,1,101.2,5938.40625,23975.65234375
96.3632972240448,1,99.3,5954.4921875,23975.65234375
97.37192273139954,1,100.1,5982.4921875,23975.65234375
98.37979221343994,1,99.2,6008.4921875,23975.65234375
99.38804507255554,1,101.2,6032.4921875,23975.65234375
100.39687776565552,1,100.1,6044.1875,23975.65234375
101.40564703941345,1,101.1,6062.9453125,23975.65234375
102.41422820091248,1,99.2,6086.44921875,23975.65234375
103.4229965209961,1,100.1,6110.44921875,23975.65234375
104.43332314491272,1,101.0,6118.54296875,23975.65234375
105.44410347938538,1,99.9,6144.54296875,23975.65234375
106.45464777946472,1,101.0,6152.52734375,23975.65234375
107.46382331848145,1,100.1,6139.26953125,23975.65234375
108.47482371330261,1,100.9,6150.91796875,23975.65234375
109.4859619140625,1,100.9,6158.79296875,23975.65234375
110.49688482284546,1,100.9,6154.98046875,23975.65234375
111.50712609291077,1,100.0,6127.09765625,23975.65234375
112.51711916923523,1,105.9,4034.55859375,23975.65234375
113.52940559387207,1,3852.3,6321.84375,23975.65234375
114.55041933059692,1,4566.7,9281.67578125,24237.65234375
115.57622265815735,1,4541.9,8662.796875,24585.65234375
116.5914204120636,1,4380.3,10396.7421875,24585.65234375
117.61591839790344,1,4097.9,10322.58203125,24585.65234375
118.62544322013855,1,4336.2,10454.8515625,24609.65234375
119.66358304023743,1,3191.9,10744.05078125,24609.65234375
120.6723084449768,1,2745.5,10958.18359375,24609.65234375
121.67893433570862,1,167.9,5337.8125,24609.65234375
122.68740940093994,1,735.8,6171.98046875,24609.65234375
123.71438097953796,1,990.2,6078.87890625,24609.65234375
124.72364449501038,1,841.2,5877.98046875,24609.65234375
125.73341059684753,1,957.7,5485.6484375,24609.65234375
126.778813123703,1,1178.5,5484.8671875,24609.65234375
127.78699517250061,1,101.2,5473.63671875,24609.65234375
128.79497647285461,1,1942.8,5163.70703125,24609.65234375
129.8025782108307,1,99.2,5201.70703125,24609.65234375
130.8113512992859,1,101.1,5221.78125,24609.65234375
131.82033348083496,1,2112.0,4716.46875,24609.65234375
132.8295018672943,1,100.1,4744.359375,24609.65234375
133.8380069732666,1,524.5,4319.9921875,24609.65234375
134.84640741348267,1,3730.8,4209.5625,24609.65234375
135.8893542289734,1,3138.9,4437.16015625,24609.65234375
136.89834260940552,1,100.1,4459.75390625,24609.65234375
137.906103849411,1,100.2,4487.75390625,24609.65234375
138.9144630432129,1,99.2,4513.75390625,24609.65234375
139.9227340221405,1,100.2,4531.8515625,24609.65234375
140.93090653419495,1,100.2,4551.5625,24609.65234375
141.9396481513977,1,101.1,4568.16796875,24609.65234375
142.946359872818,1,99.3,4592.16796875,24609.65234375
143.95447874069214,1,100.2,4607.75,24609.65234375
144.96252703666687,1,101.2,4631.38671875,24609.65234375
145.9714834690094,1,100.1,4637.7265625,24609.65234375
146.97947716712952,1,99.2,4663.7265625,24609.65234375
147.99041223526,1,1862.8,6059.75390625,24609.65234375
149.00129103660583,1,4570.9,7431.9140625,24609.65234375
150.02841782569885,1,4644.1,10657.65234375,25007.65234375
151.0544731616974,1,4306.4,10700.82421875,25071.65234375
152.07241821289062,1,4489.8,10985.00390625,25071.65234375
153.08781957626343,1,3776.1,11061.50390625,25071.65234375
154.09744453430176,1,4410.7,11180.2109375,25071.65234375
155.14013123512268,1,2917.0,11448.9140625,25071.65234375
156.15125226974487,1,2782.3,11675.2421875,25071.65234375
157.15928888320923,1,163.7,2651.20703125,25071.65234375
158.16823053359985,1,101.1,2480.79296875,25071.65234375
159.1763391494751,1,611.0,3333.46484375,32751.71875
160.18450331687927,1,1650.6,2620.6015625,25071.65234375
161.19226169586182,1,1665.2,3352.22265625,31215.68359375
162.20034265518188,1,4335.3,5787.4140625,31277.68359375
163.20699763298035,1,3388.5,6099.3125,31277.68359375
164.21654105186462,1,2547.3,6322.828125,31277.68359375
165.2291657924652,1,1624.6,3549.37109375,31405.68359375
166.25442218780518,1,3857.3,5750.859375,31405.68359375
167.28042459487915,1,4018.6,6976.83203125,31441.68359375
168.3064079284668,1,3434.9,7505.7734375,31441.68359375
169.3145878314972,1,2591.7,7931.77734375,31441.68359375
170.32475757598877,1,3101.3,8015.52734375,31441.68359375
171.33440709114075,1,3260.9,2794.62890625,29393.65234375
172.35541319847107,1,4540.6,2705.265625,29393.65234375
173.37740635871887,1,4067.6,2776.65625,29393.65234375
174.39840483665466,1,4660.2,2715.6328125,29393.65234375
175.41852402687073,1,3772.6,3747.09765625,33489.69921875
176.42840719223022,1,2589.7,3241.95703125,34513.77734375
177.44740867614746,1,4660.4,3236.375,34513.77734375
178.4680631160736,1,4065.5,3405.50390625,37585.76171875
179.47740936279297,1,1260.3,4282.30078125,35537.74609375
180.5393192768097,1,3071.2,6680.19140625,35537.74609375
181.54741501808167,1,4184.9,8276.875,40681.74609375
182.57218503952026,1,4678.0,13637.87109375,46825.74609375
183.59941864013672,1,4440.2,11389.98828125,46853.74609375
184.6194088459015,1,4265.0,12410.4296875,46853.74609375
185.6404149532318,1,3482.6,12701.9921875,46853.74609375
186.67175245285034,1,3058.2,12933.55078125,46853.74609375
187.68340945243835,1,2926.0,14108.625,46853.74609375
188.69480276107788,1,1775.7,14076.27734375,46853.74609375
189.7034125328064,1,3432.5,14326.63671875,46853.74609375
190.7180118560791,1,751.0,3967.94921875,49061.76171875
191.72640562057495,1,1770.2,4565.91796875,47013.74609375
192.76890563964844,1,3519.7,6883.80078125,47013.74609375
193.79042077064514,1,4653.4,11478.5,47013.74609375
194.81722235679626,1,4422.8,9594.98046875,47013.74609375
195.83828377723694,1,3554.9,9863.6640625,47013.74609375
196.8640911579132,1,3468.8,10344.8203125,47013.74609375
197.87467050552368,1,1852.4,10494.171875,47013.74609375
198.88241815567017,1,2836.0,10745.07421875,47013.74609375
199.89355444908142,1,882.2,4151.53515625,47013.74609375
200.90142464637756,1,2991.2,6321.85546875,47013.74609375
201.91641473770142,1,4468.8,8618.12109375,47013.74609375
202.94161677360535,1,4612.0,8666.73046875,47013.74609375
203.95742106437683,1,4450.6,10152.1328125,47013.74609375
204.97631311416626,1,2897.1,10434.24609375,47013.74609375
205.98721504211426,1,3195.4,11059.91796875,47013.74609375
206.99641966819763,1,1684.4,11024.20703125,47013.74609375
208.00564455986023,1,2918.9,11246.00390625,47013.74609375
209.01597023010254,1,1393.8,4152.83984375,47013.74609375
210.0258445739746,1,2899.2,5785.50390625,47013.74609375
211.03640961647034,1,4122.6,9045.50390625,47013.74609375
212.05741953849792,1,4565.7,11352.578125,47013.74609375
213.0854127407074,1,4458.4,11839.06640625,47013.74609375
214.09830451011658,1,3827.9,12428.67578125,47013.74609375
215.10842299461365,1,3743.7,12530.48046875,47013.74609375
216.11975073814392,1,2812.4,13040.01171875,47013.74609375
217.12840938568115,1,3829.8,14466.08984375,47013.74609375
218.14873003959656,1,2680.5,14912.96875,47205.74609375
219.1592833995819,1,2116.7,15088.9375,47205.74609375
220.17050790786743,1,4335.3,15219.99609375,47205.74609375
221.17941665649414,1,683.8,3993.8203125,51301.79296875
