elapsed_time,nproc,cpu,mem_real,mem_virtual
3.814697265625e-05,1,0.0,6.9921875,3185.33984375
1.0063068866729736,1,73.5,49.69921875,645.5
2.013734817504883,1,100.3,49.69921875,645.5
3.0212390422821045,1,99.3,49.69921875,645.5
4.029076099395752,1,44.7,29.69921875,133.46875
5.036402463912964,1,3097.6,657.3984375,4633.45703125
6.043972015380859,1,319.6,659.0234375,4633.45703125
7.051488161087036,1,100.2,663.0234375,4633.45703125
8.059311628341675,1,100.2,663.0234375,4633.45703125
9.06631875038147,1,101.3,643.35546875,4633.45703125
10.073704242706299,1,101.3,620.75,4633.45703125
11.08118748664856,1,590.4,1054.15625,5149.45703125
12.088595867156982,1,308.8,1423.14453125,7085.6171875
13.09603476524353,1,101.2,2875.2734375,20897.5859375
14.10415005683899,1,101.2,4154.5703125,20897.5859375
15.112086534500122,1,100.2,5433.26953125,20897.5859375
16.11990976333618,1,101.2,6741.4296875,20897.5859375
17.127652168273926,1,101.2,7985.1484375,20897.5859375
18.135981798171997,1,1982.1,7939.68359375,20897.5859375
19.143489360809326,1,101.2,8001.9765625,20897.5859375
20.150804042816162,1,1318.4,7714.796875,20897.5859375
21.15802264213562,1,101.3,7752.0703125,20897.5859375
22.16576910018921,1,1068.7,7350.16796875,20897.5859375
23.17303204536438,1,2342.0,7268.66015625,20897.5859375
24.180333614349365,1,99.3,7303.6640625,20897.5859375
25.187432289123535,1,100.3,7335.75390625,20897.5859375
26.195403337478638,1,1839.4,6830.96484375,20897.5859375
27.217909812927246,1,1374.1,6894.31640625,20900.5859375
28.22568917274475,1,100.2,6937.734375,20900.5859375
29.23450255393982,1,100.1,6976.3515625,20900.5859375
30.241806507110596,1,100.3,7011.47265625,20900.5859375
31.24982237815857,1,2003.0,6135.5859375,20900.5859375
32.283008337020874,1,1455.6,6212.5,20903.5859375
33.291069984436035,1,100.2,6253.0,20903.5859375
34.29889416694641,1,100.2,6287.828125,20903.5859375
35.3064022064209,1,1117.6,5448.7734375,20903.5859375
36.34939908981323,1,4666.5,5449.1484375,20903.5859375
37.40139818191528,1,4678.0,5449.1484375,20903.5859375
38.444507360458374,1,1521.3,5941.51171875,21170.5859375
39.45167398452759,1,99.3,5955.5390625,21170.5859375
40.45900011062622,1,101.3,5976.5234375,21170.5859375
41.466163873672485,1,99.3,6002.5234375,21170.5859375
42.474425077438354,1,101.2,6018.7265625,21170.5859375
43.48158288002014,1,99.3,6037.44921875,21170.5859375
44.4893696308136,1,101.2,6054.4453125,21170.5859375
45.496474266052246,1,101.3,6063.46875,21170.5859375
46.503254413604736,1,99.3,6091.46875,21170.5859375
47.51121544837952,1,100.2,6104.0859375,21170.5859375
48.51817870140076,1,100.3,6114.0625,21170.5859375
49.52529168128967,1,100.3,6130.7890625,21170.5859375
50.53303933143616,1,100.2,6143.38671875,21170.5859375
51.54006242752075,1,100.3,6147.04296875,21170.5859375
52.54741668701172,1,100.3,6175.04296875,21170.5859375
53.55671501159668,1,102.1,6145.19140625,21170.5859375
54.56575107574463,1,101.1,6112.46875,21170.5859375
55.57574462890625,1,99.0,6138.46875,21170.5859375
56.585411071777344,1,1249.9,5576.73828125,21170.5859375
57.599403858184814,1,4163.9,6643.21875,21357.5859375
58.625476360321045,1,4656.3,10044.171875,22934.5859375
59.646419286727905,1,4571.2,9467.1171875,23570.5859375
60.660409688949585,1,4400.6,10508.87890625,23570.5859375
61.67943096160889,1,3875.0,10454.94921875,23671.5859375
62.704442262649536,1,4161.2,10576.5078125,23749.5859375
63.737465381622314,1,3286.6,10845.11328125,23861.5859375
64.74628186225891,1,3219.6,10871.55078125,23861.5859375
65.75362849235535,1,448.6,3105.00390625,23861.5859375
66.76160931587219,1,101.2,4302.0,23861.5859375
67.7697365283966,1,101.2,5468.5390625,23861.5859375
68.7779586315155,1,101.2,6706.00390625,23861.5859375
69.78527164459229,1,100.3,7892.4453125,23861.5859375
70.79215621948242,1,1677.4,8085.23046875,23861.5859375
71.79965734481812,1,101.2,8114.02734375,23861.5859375
72.80659127235413,1,1288.1,7812.84765625,23861.5859375
73.81440091133118,1,253.0,7523.171875,23861.5859375
74.85039901733398,1,2704.7,7308.69921875,23861.5859375
75.89335179328918,1,497.6,7378.71875,23861.5859375
76.90109825134277,1,100.2,7413.6796875,23861.5859375
77.90844368934631,1,100.3,7336.44921875,23861.5859375
78.9319920539856,1,3049.2,6976.63671875,23861.5859375
79.93931293487549,1,100.3,7008.6953125,23861.5859375
80.94663166999817,1,99.3,7046.58203125,23861.5859375
81.95440554618835,1,101.2,7077.98046875,23861.5859375
82.96178603172302,1,762.4,6378.765625,23861.5859375
83.96888899803162,1,2699.8,6277.41015625,23861.5859375
84.97630310058594,1,99.3,6318.65625,23861.5859375
85.98336696624756,1,101.3,6361.49609375,23861.5859375
86.99140334129333,1,911.8,5738.92578125,23861.5859375
88.01339912414551,1,2922.7,5539.53125,23861.5859375
89.04139709472656,1,4680.9,5540.28125,23861.5859375
90.08324980735779,1,3830.2,5982.72265625,23861.5859375
91.0909857749939,1,101.2,6003.09375,23861.5859375
92.09772944450378,1,99.3,6019.53125,23861.5859375
93.10556983947754,1,101.2,6028.90234375,23861.5859375
94.1125271320343,1,101.3,6028.21484375,23861.5859375
95.12045812606812,1,99.2,6056.21484375,23861.5859375
96.12844681739807,1,99.2,6082.21484375,23861.5859375
97.13545060157776,1,101.3,6098.3359375,23861.5859375
98.14230227470398,1,100.3,6109.265625,23861.5859375
99.14988160133362,1,100.2,6137.265625,23861.5859375
100.1564371585846,1,99.3,6143.4375,23861.5859375
101.16615867614746,1,102.0,6136.9453125,23861.5859375
102.17568278312683,1,101.0,6140.87890625,23861.5859375
103.18436622619629,1,99.1,6168.87890625,23861.5859375
104.19315433502197,1,101.1,6174.28515625,23861.5859375
105.20223069190979,1,101.1,6164.09375,23861.5859375
106.21069550514221,1,100.2,6170.8515625,23861.5859375
107.22041535377502,1,101.0,6180.05859375,23861.5859375
108.2289834022522,1,107.1,3626.78125,23861.5859375
109.23940062522888,1,3581.1,6297.33203125,23861.5859375
110.2584183216095,1,4595.2,9500.23828125,24049.5859375
111.28861618041992,1,4576.1,8705.5390625,24773.5859375
112.30078268051147,1,4407.2,10349.1015625,24773.5859375
113.32141041755676,1,4019.2,10399.39453125,24773.5859375
114.33643531799316,1,4084.5,10506.0078125,24773.5859375
115.37215089797974,1,3437.2,10921.98828125,24773.5859375
116.38055348396301,1,3108.6,10872.42578125,24773.5859375
117.38901686668396,1,436.3,3216.26171875,24773.5859375
118.39657211303711,1,101.2,4423.29296875,24773.5859375
119.40364098548889,1,102.3,5603.3828125,24773.5859375
120.41059899330139,1,632.7,6154.015625,24773.5859375
121.41806101799011,1,1147.3,5947.91015625,24773.5859375
122.42500472068787,1,859.0,5770.5703125,24773.5859375
123.43282628059387,1,1454.7,5411.1640625,24773.5859375
124.47086310386658,1,747.5,5442.484375,24773.5859375
125.47913098335266,1,427.5,5121.4609375,24773.5859375
126.51229190826416,1,1589.2,5153.2265625,24773.5859375
127.5203640460968,1,100.2,5187.67578125,24773.5859375
128.5280785560608,1,519.1,4760.3828125,24773.5859375
129.53563594818115,1,1737.6,4696.62890625,24773.5859375
130.54348516464233,1,99.2,4742.875,24773.5859375
131.55177116394043,1,1908.3,4221.03515625,24773.5859375
132.5953986644745,1,4678.0,4213.09375,24773.5859375
133.64164566993713,1,1183.2,4496.23046875,24773.5859375
134.65042519569397,1,100.1,4522.23046875,24773.5859375
135.65789699554443,1,99.3,4550.23046875,24773.5859375
136.6647367477417,1,101.3,4566.2109375,24773.5859375
137.67243719100952,1,99.2,4592.2109375,24773.5859375
138.6793568134308,1,101.3,4612.43359375,24773.5859375
139.68727612495422,1,99.2,4630.8828125,24773.5859375
140.6946656703949,1,100.3,4656.8828125,24773.5859375
141.70121264457703,1,100.3,4670.66796875,24773.5859375
142.709490776062,1,101.2,4696.67578125,24773.5859375
143.7172441482544,1,99.2,4724.67578125,24773.5859375
144.72540760040283,1,1194.2,5424.0546875,24773.5859375
145.74741101264954,1,4433.9,7099.2734375,24773.5859375
146.76652121543884,1,4658.3,10013.6328125,24983.5859375
147.78643369674683,1,4296.9,9965.74609375,25145.5859375
148.8038763999939,1,4426.2,11006.484375,25145.5859375
149.82240438461304,1,3796.8,11013.34765625,25145.5859375
150.83246302604675,1,4180.8,11100.54296875,25145.5859375
151.86554312705994,1,3511.8,11421.953125,25145.5859375
152.873925447464,1,3162.5,11395.52734375,25145.5859375
153.88374161720276,1,1105.0,2615.16015625,25145.5859375
154.89085507392883,1,102.3,2441.94921875,25145.5859375
155.89740252494812,1,287.1,2385.3203125,25145.5859375
156.90531611442566,1,1437.9,5362.87109375,30265.640625
157.91170287132263,1,1395.0,2737.88671875,31289.6171875
158.9204113483429,1,3657.8,4557.02734375,31289.6171875
159.94665384292603,1,4107.5,6006.8125,31317.6171875
160.95944666862488,1,2696.3,6310.78515625,31445.6171875
161.9674665927887,1,2072.0,4433.32421875,33493.6328125
162.97740411758423,1,2641.0,5221.31640625,31445.6171875
163.9946391582489,1,4477.7,6645.91796875,31515.6171875
165.00476503372192,1,3413.1,7040.609375,31515.6171875
166.01540279388428,1,3436.9,7674.609375,31515.6171875
167.03541254997253,1,2506.7,7907.1328125,31515.6171875
168.04559874534607,1,2972.0,7985.05859375,31515.6171875
169.05240035057068,1,3464.2,2737.546875,29467.5859375
170.07039880752563,1,4607.1,2715.44921875,29467.5859375
171.08840012550354,1,4261.3,2749.453125,29467.5859375
172.10639929771423,1,4665.1,2695.796875,29467.5859375
173.12423610687256,1,3381.1,4166.93359375,33563.6328125
174.1334023475647,1,2935.6,3211.65625,34587.7109375
175.1514048576355,1,4662.1,3238.1484375,34587.7109375
176.1688940525055,1,3726.3,3806.765625,37659.6953125
177.17741060256958,1,1711.5,4282.00390625,35611.6796875
178.20092678070068,1,3066.1,6906.98828125,35611.6796875
179.20841717720032,1,4285.8,8603.609375,40731.6796875
180.22840571403503,1,4658.0,13998.55078125,46899.6796875
181.24747943878174,1,4477.7,11568.1015625,46899.6796875
182.2614040374756,1,4313.1,12379.8125,46899.6796875
183.27941703796387,1,3371.0,12646.8671875,46899.6796875
184.3036596775055,1,3035.7,12698.953125,46899.6796875
185.31158876419067,1,3179.9,13911.41015625,46899.6796875
186.31842947006226,1,1884.1,13909.546875,46899.6796875
187.32639908790588,1,2994.0,14200.98828125,46899.6796875
188.34440207481384,1,1485.3,14476.9609375,47059.6796875
189.35299396514893,1,1094.5,4298.2109375,47059.6796875
190.36124801635742,1,3514.3,6699.63671875,47059.6796875
191.37861490249634,1,4531.1,9675.01953125,47059.6796875
192.39764022827148,1,4513.2,9314.90234375,47087.6796875
193.4084131717682,1,3913.8,9732.82421875,47087.6796875
194.43298196792603,1,3145.0,9905.11328125,47087.6796875
195.44203305244446,1,2972.2,10510.09375,47087.6796875
196.4507918357849,1,2467.2,10600.9921875,47087.6796875
197.46099019050598,1,1822.3,4443.84375,49135.6953125
198.46813106536865,1,2099.2,4497.5859375,47087.6796875
199.50021505355835,1,3569.5,6958.703125,47087.6796875
200.5104169845581,1,4626.4,11013.171875,47087.6796875
201.5304136276245,1,4423.6,10164.71875,47087.6796875
202.54880118370056,1,3986.5,10346.54296875,47087.6796875
203.55660033226013,1,3018.8,10541.31640625,47087.6796875
204.56596636772156,1,3054.5,11218.71484375,47087.6796875
205.57540798187256,1,2132.8,11284.5859375,47087.6796875
206.58500337600708,1,2463.1,3963.26171875,49135.6953125
207.59247040748596,1,1922.9,4465.44921875,47087.6796875
208.6009557247162,1,3282.0,7425.54296875,47087.6796875
209.61240410804749,1,4096.1,9191.74609375,47087.6796875
210.6304111480713,1,4615.5,12489.28125,47087.6796875
211.6504030227661,1,4286.6,12037.35546875,47087.6796875
212.66841912269592,1,3750.1,12430.6953125,47087.6796875
213.6929521560669,1,3353.6,12473.0703125,47087.6796875
214.70171642303467,1,2832.6,12773.56640625,47087.6796875
215.71240329742432,1,3805.4,14289.84765625,47087.6796875
216.7298400402069,1,3160.7,14829.87109375,47279.6796875
217.73895049095154,1,1950.3,14934.83984375,47279.6796875
218.75219631195068,1,4444.1,14987.08203125,47279.6796875
219.76246452331543,1,1305.6,15424.3984375,47279.6796875
